8.192560024036014453e+06
8.193741886041563936e+06
8.190689827653207816e+06
8.193923623284286819e+06
8.190667729291020893e+06
8.192307851629666053e+06
8.192158911754076369e+06
8.190622765460494906e+06
8.192917949734900147e+06
8.191394928234192543e+06
8.193995383206348866e+06
8.191645628133646213e+06
8.189505489804726094e+06
8.191176864994533360e+06
8.191284501999467611e+06
8.193708104542411864e+06
8.192408930668252520e+06
8.193576272318923846e+06
8.194146329537424259e+06
8.190852208497750573e+06
8.190952451641296968e+06
8.190921636099540628e+06
8.190646119476686232e+06
8.189979821152644232e+06
8.190981113183036447e+06
8.190748317815979943e+06
8.191287374144871719e+06
8.190522246767204255e+06
8.193993449826966971e+06
8.193532184203034267e+06
8.190699080403793603e+06
8.195115781823539175e+06
8.191048514534110203e+06
8.192807895917901769e+06
8.193823776883424260e+06
8.192521880267453380e+06
8.190987032774560153e+06
8.192647261869020760e+06
8.189704909055758268e+06
8.190288017851986922e+06
8.190255238114215434e+06
8.191847741118177772e+06
8.191070197018219158e+06
8.192127992992338724e+06
8.193358865921013989e+06
8.192474164101105183e+06
8.191228979686599225e+06
8.189475433432968333e+06
8.193229460800878704e+06
8.190884838116951287e+06
